Icache	0.00199694637	0.00418259793	0.00902752112	0.01080560351
Dcache	0.00187060773	0.00418259793	0.00715691340	0.01080560351
Bpred	0.00073071677	0.00310696861	0.01102446749	0.01080560351
DTB	0.00249245821	0.00092125954	0.00926272606	0.01498820144
FPAdd	0.00210581266	0.00092125954	0.00715691340	0.01498820144
FPReg	0.00190403893	0.00043882650	0.00415427672	0.01547063448
FPMul	0.00190403893	0.00109178361	0.00415427672	0.01437885088
FPMap	0.00109859775	0.00131578120	0.00605831565	0.01327746436
IntMap	0.00190403893	0.00067594944	0.00415427672	0.01213569433
IntQ	0.00190403893	0.00092324793	0.00415427672	0.01281164376
IntReg	0.00190403893	0.00064395918	0.00415427672	0.01373489169
IntExec	0.00300263668	0.00133009081	0.00415427672	0.01080560351
FPQ	0.00109859775	0.00131621541	0.00605831565	0.01459324557
LdStQ	0.00109859775	0.00114177004	0.00605831565	0.01213569433
ITB	0.00073071677	0.00107562932	0.01102446749	0.01391257212
L2	0.01590946098	0.01080560351	0.00000000000	0.00000000000
L2_left	0.00415427672	0.00510385747	0.00000000000	0.01080560351
L2_right	0.00415427672	0.00510385747	0.01175518426	0.01080560351
